Motion Sensor Data File Oct 7, 2021 9:55 AM
Time (s)	Velocity (cm/s)
0.550	NaN
0.560	-0.860
0.570	-4.730
0.580	-6.880
0.590	-7.310
0.600	-12.040
0.610	-13.760
0.620	-14.620
0.630	-18.060
0.640	-20.210
0.650	-19.350
0.660	-24.037
0.670	-24.510
0.680	-24.080
0.690	-26.660
0.700	-27.950
0.710	-27.090
0.720	-28.810
0.730	-28.380
0.740	-27.520
0.750	-28.810
0.760	-27.907
0.770	-26.230
0.780	-26.660
0.790	-25.800
0.800	-23.220
0.810	-22.790
0.820	-21.500
0.830	-18.490
0.840	-17.200
0.850	-16.340
0.860	-12.040
0.870	-11.180
0.880	-9.417
0.890	-5.590
0.900	-3.870
0.910	-2.150
0.920	2.150
0.930	2.580
0.940	5.590
0.950	9.890
0.960	10.320
0.970	11.610
0.980	16.770
0.990	15.910
1.000	18.920
1.010	21.500
1.020	21.930
1.030	23.650
1.040	25.800
1.050	25.800
1.060	26.230
1.070	28.380
1.080	27.950
1.090	27.520
1.100	29.240
1.110	27.950
1.120	27.907
1.130	28.380
1.140	25.800
1.150	24.510
1.160	25.370
1.170	22.790
1.180	20.210
1.190	21.070
1.200	17.200
1.210	15.480
1.220	14.190
1.230	11.610
1.240	8.600
1.250	7.310
1.260	4.300
1.270	1.290
1.280	0.473
1.290	-3.440
1.300	-6.020
1.310	-6.450
1.320	-10.320
1.330	-13.330
1.340	-13.330
1.350	-17.630
1.360	-18.060
1.370	-20.210
1.380	-21.930
1.390	-23.650
1.400	-24.080
1.410	-26.660
1.420	-27.047
1.430	-26.230
1.440	-28.380
1.450	-28.810
1.460	-27.520
1.470	-28.810
1.480	-28.380
1.490	-26.230
1.500	-27.090
1.510	-25.800
1.520	-23.607
1.530	-23.220
1.540	-22.360
1.550	-18.920
1.560	-18.920
1.570	-15.910
1.580	-14.190
1.590	-11.610
1.600	-10.320
1.610	-6.880
1.620	-5.590
1.630	-2.580
1.640	0.430
1.650	2.150
1.660	4.300
1.670	8.170
1.680	9.460
1.690	10.750
1.700	15.480
1.710	15.050
1.720	18.060
1.730	20.210
1.740	21.500
1.750	22.360
1.760	24.940
1.770	25.370
1.780	25.800
1.790	27.950
1.800	27.520
1.810	27.950
1.820	29.240
1.830	27.950
1.840	27.090
1.850	27.950
1.860	26.660
1.870	25.800
1.880	25.800
1.890	22.360
1.900	21.930
1.910	21.500
1.920	17.200
1.930	17.200
1.940	14.620
1.950	12.470
1.960	9.890
1.970	8.170
1.980	5.160
1.990	2.580
2.000	1.720
2.010	-2.580
2.020	-4.730
2.030	-5.590
2.040	-9.030
2.050	-12.470
2.060	-12.040
2.070	-16.297
2.080	-18.060
2.090	-18.920
2.100	-21.070
2.110	-23.650
2.120	-23.650
2.130	-24.940
2.140	-26.660
2.150	-26.230
2.160	-28.810
2.170	-28.767
2.180	-27.090
2.190	-28.810
2.200	-28.380
2.210	-26.660
2.220	-27.090
2.230	-26.660
2.240	-24.080
2.250	-24.080
2.260	-22.360
2.270	-19.780
2.280	-19.737
2.290	-16.770
2.300	-14.620
2.310	-13.330
2.320	-10.750
2.330	-9.460
2.340	-5.160
2.350	-3.870
2.360	-1.720
2.370	2.150
2.380	3.440
2.390	6.020
2.400	9.890
2.410	9.890
2.420	12.470
2.430	16.340
2.440	16.770
2.450	18.490
2.460	21.500
2.470	21.930
2.480	23.650
2.490	25.800
2.500	25.800
2.510	26.230
2.520	28.810
2.530	27.520
2.540	27.520
2.550	28.810
2.560	27.950
2.570	27.520
2.580	27.950
2.590	25.800
2.600	24.080
2.610	24.940
2.620	22.790
2.630	20.210
2.640	20.640
2.650	17.200
2.660	14.620
2.670	14.190
2.680	11.610
2.690	7.740
2.700	7.310
2.710	3.870
2.720	1.290
2.730	0.000
2.740	-3.870
2.750	-6.020
2.760	-6.450
2.770	-11.180
2.780	-13.330
2.790	-13.330
2.800	-17.630
2.810	-18.490
2.820	-19.780
2.830	-22.747
2.840	-23.650
2.850	-23.650
2.860	-26.660
2.870	-27.090
2.880	-26.660
2.890	-27.950
2.900	-28.380
2.910	-27.520
2.920	-28.810
2.930	-27.907
2.940	-26.660
2.950	-26.660
2.960	-25.800
2.970	-23.220
2.980	-23.220
2.990	-22.360
3.000	-18.490
3.010	-18.490
3.020	-15.910
3.030	-13.760
3.040	-11.610
3.050	-9.847
3.060	-6.880
3.070	-5.160
3.080	-2.580
3.090	0.860
3.100	2.150
3.110	4.730
3.120	8.600
3.130	9.460
3.140	10.750
3.150	15.910
3.160	15.050
3.170	18.060
3.180	20.640
3.190	21.070
3.200	22.790
3.210	25.370
3.220	24.940
3.230	25.800
3.240	28.380
3.250	27.520
3.260	27.520
3.270	29.670
3.280	27.520
3.290	27.090
3.300	27.950
3.310	26.187
3.320	25.800
3.330	25.370
3.340	22.360
3.350	21.500
3.360	21.500
3.370	17.200
3.380	16.770
3.390	14.620
3.400	12.040
3.410	9.890
3.420	7.740
3.430	4.730
3.440	2.193
3.450	1.290
3.460	-2.580
3.470	-4.730
3.480	-5.590
3.490	-9.460
3.500	-12.470
3.510	-12.470
3.520	-16.770
3.530	-17.630
3.540	-19.780
3.550	-20.640
3.560	-23.650
3.570	-23.650
3.580	-25.370
3.590	-26.617
3.600	-25.800
3.610	-28.380
3.620	-28.810
3.630	-27.520
3.640	-28.380
3.650	-27.950
3.660	-26.660
3.670	-27.090
3.680	-26.230
3.690	-23.607
3.700	-24.080
3.710	-22.360
3.720	-19.350
3.730	-19.350
3.740	-16.770
3.750	-14.620
3.760	-12.470
3.770	-10.750
3.780	-7.740
3.790	-6.450
3.800	-3.440
3.810	0.000
3.820	0.860
3.830	3.870
3.840	7.310
3.850	8.600
3.860	9.933
3.870	14.620
3.880	14.620
3.890	16.770
3.900	20.210
3.910	20.597
3.920	21.500
3.930	24.940
3.940	24.510
3.950	25.370
3.960	27.950
3.970	27.090
3.980	27.520
3.990	28.810
4.000	27.520
4.010	27.520
4.020	28.810
4.030	26.660
4.040	25.370
4.050	25.370
4.060	23.650
4.070	22.360
4.080	21.070
4.090	18.920
4.100	17.200
4.110	15.910
4.120	12.470
4.130	10.750
4.140	9.460
4.150	5.590
4.160	3.440
4.170	2.150
4.180	-1.290
4.190	-3.870
4.200	-5.160
4.210	-8.170
4.220	-11.180
4.230	-11.997
4.240	-14.620
4.250	-18.060
4.260	-17.630
4.270	-20.640
4.280	-23.220
4.290	-21.930
4.300	-24.940
4.310	-26.660
4.320	-26.230
4.330	-27.950
4.340	-27.907
4.350	-26.660
4.360	-28.810
4.370	-28.380
4.380	-26.660
4.390	-27.520
4.400	-26.660
4.410	-24.080
4.420	-24.510
4.430	-23.220
4.440	-20.597
4.450	-19.780
4.460	-18.060
4.470	-14.620
4.480	-14.620
4.490	-11.180
4.500	-8.600
4.510	-7.740
4.520	-4.730
4.530	-1.290
4.540	0.000
4.550	2.580
4.560	6.020
4.570	7.740
4.580	9.460
4.590	12.040
4.600	14.620
4.610	15.480
4.620	19.350
4.630	19.350
4.640	21.500
4.650	24.080
4.660	24.080
4.670	24.940
4.680	27.520
4.690	26.660
4.700	27.520
4.710	28.810
4.720	27.950
4.730	27.950
4.740	28.380
4.750	26.230
4.760	25.800
4.770	26.660
4.780	24.510
4.790	21.930
4.800	22.360
4.810	20.210
4.820	16.770
4.830	17.630
4.840	13.330
4.850	12.040
4.860	10.320
4.870	6.450
4.880	4.730
4.890	3.010
4.900	0.000
4.910	-3.010
4.920	-3.870
4.930	-6.880
4.940	-9.890
4.950	-11.610
4.960	-13.330
4.970	-17.200
4.980	-16.340
4.990	-20.597
5.000	-21.500
5.010	-21.930
5.020	-24.940
5.030	-25.800
5.040	-26.230
5.050	-26.230
5.060	-27.950
5.070	-28.810
5.080	-27.090
5.090	-28.337
5.100	-27.950
5.110	-26.230
5.120	-26.660
5.130	-26.230
5.140	-23.650
5.150	-23.650
5.160	-22.360
5.170	-18.920
5.180	-19.350
5.190	-16.340
5.200	-14.190
5.210	-12.857
5.220	-9.890
5.230	-7.740
5.240	-6.020
5.250	-3.440
5.260	0.000
5.270	1.290
5.280	3.870
5.290	7.740
5.300	8.600
5.310	10.320
5.320	14.620
5.330	15.050
5.340	17.200
5.350	19.780
5.360	20.640
5.370	21.930
5.380	24.940
5.390	24.510
5.400	25.370
5.410	27.950
5.420	27.090
5.430	27.520
5.440	28.810
5.450	27.090
5.460	27.090
5.470	28.810
5.480	26.230
5.490	25.800
5.500	25.370
5.510	22.790
5.520	22.360
5.530	21.070
5.540	18.490
5.550	16.770
5.560	15.480
5.570	12.470
5.580	10.750
5.590	8.600
5.600	5.160
5.610	3.440
5.620	1.720
5.630	-1.720
5.640	-3.870
5.650	-5.160
5.660	-8.170
5.670	-12.040
5.680	-11.610
5.690	-15.480
5.700	-17.630
5.710	-18.060
5.720	-20.640
5.730	-23.220
5.740	-22.790
5.750	-24.467
5.760	-26.660
5.770	-26.230
5.780	-27.950
5.790	-27.950
5.800	-26.660
5.810	-28.380
5.820	-28.380
5.830	-26.660
5.840	-27.520
5.850	-26.617
5.860	-24.080
5.870	-24.080
5.880	-22.790
5.890	-20.210
5.900	-19.350
5.910	-18.060
5.920	-14.190
5.930	-14.190
5.940	-11.180
5.950	-8.170
5.960	-7.310
5.970	-4.730
5.980	-0.817
5.990	0.000
6.000	3.010
6.010	6.450
6.020	7.740
6.030	9.460
6.040	13.330
6.050	14.620
6.060	15.480
6.070	19.780
6.080	19.350
6.090	21.500
6.100	24.080
6.110	24.080
6.120	25.370
6.130	27.520
6.140	26.660
6.150	27.047
6.160	28.810
6.170	27.950
6.180	27.520
6.190	28.810
6.200	26.230
6.210	25.370
6.220	26.230
6.230	24.080
6.240	22.360
6.250	21.500
6.260	20.210
6.270	16.340
6.280	17.630
6.290	12.900
6.300	11.610
6.310	10.320
6.320	6.020
6.330	4.300
6.340	3.010
6.350	-0.430
6.360	-3.010
6.370	-3.827
6.380	-7.740
6.390	-9.890
6.400	-11.610
6.410	-13.760
6.420	-17.630
6.430	-16.340
6.440	-20.640
6.450	-21.930
6.460	-21.500
6.470	-25.370
6.480	-25.800
6.490	-25.370
6.500	-27.047
6.510	-27.950
6.520	-27.090
6.530	-28.380
6.540	-28.380
6.550	-26.660
6.560	-27.520
6.570	-26.660
6.580	-24.510
6.590	-24.940
6.600	-23.177
6.610	-20.640
6.620	-20.640
6.630	-18.920
6.640	-14.620
6.650	-15.480
6.660	-12.040
6.670	-9.030
6.680	-8.170
6.690	-6.020
6.700	-2.150
6.710	-0.860
6.720	1.720
6.730	5.590
6.740	6.450
6.750	8.600
6.760	12.040
6.770	13.760
6.780	14.620
6.790	18.490
6.800	18.920
6.810	20.640
6.820	23.650
6.830	23.220
6.840	24.510
6.850	27.090
6.860	26.230
6.870	27.090
6.880	28.810
6.890	27.520
6.900	27.090
6.910	28.380
6.920	26.660
6.930	26.660
6.940	26.660
6.950	23.650
6.960	22.790
6.970	23.220
6.980	19.780
6.990	18.060
7.000	17.630
7.010	14.190
7.020	12.040
7.030	11.610
7.040	7.740
7.050	4.730
7.060	3.870
7.070	0.860
7.080	-2.150
7.090	-3.010
7.100	-6.450
7.110	-8.600
7.120	-10.750
7.130	-12.900
7.140	-15.867
7.150	-15.910
7.160	-20.210
7.170	-20.210
7.180	-21.930
7.190	-24.510
7.200	-24.510
7.210	-24.940
7.220	-27.520
7.230	-27.950
7.240	-27.090
7.250	-27.907
7.260	-27.950
7.270	-27.090
7.280	-27.520
7.290	-27.090
7.300	-25.370
7.310	-24.940
7.320	-24.080
7.330	-21.500
7.340	-21.070
7.350	-19.307
7.360	-16.340
7.370	-15.480
7.380	-13.760
7.390	-9.460
7.400	-9.030
7.410	-6.880
7.420	-3.010
7.430	-2.150
7.440	0.430
7.450	4.300
7.460	5.590
7.470	8.170
7.480	10.750
7.490	12.040
7.500	14.620
7.510	17.200
7.520	18.490
7.530	19.780
7.540	22.790
7.550	22.790
7.560	24.510
7.570	26.230
7.580	26.230
7.590	26.660
7.600	28.380
7.610	27.090
7.620	27.520
7.630	28.810
7.640	27.520
7.650	26.230
7.660	24.940
7.670	25.800
7.680	24.080
7.690	21.930
7.700	21.500
7.710	19.780
7.720	16.340
7.730	17.200
7.740	12.470
7.750	11.180
7.760	10.320
7.770	5.590